批量配准测试报告
处理文件数: 70
============================================================

[Image ID: 00000]
============================================================
Idx  | GT Center       | Pred Center     | Diff(px) | Size Diff(W,H)
------------------------------------------------------------
0    | (64, 425)       | (152, 258)      | 188.77   | (0.0, -2.0)
1    | (301, 414)      | (226, 408)      | 75.82    | (-1.0, 0.0)
2    | (278, 396)      | (324, 359)      | 59.28    | (-1.0, -2.0)
3    | (698, 422)      | (534, 466)      | 169.67   | (0.0, -1.0)
4    | (27, 397)       | (132, 398)      | 105.00   | (0.0, -1.0)
5    | (130, 374)      | (174, 340)      | 55.70    | (0.0, 0.0)
6    | (185, 443)      | (242, 391)      | 77.16    | (0.0, 0.0)
7    | (568, 438)      | (380, 392)      | 193.67   | (0.0, 0.0)
8    | (652, 441)      | (529, 338)      | 159.89   | (-1.9, -2.1)
9    | (845, 405)      | (666, 387)      | 179.90   | (0.0, -2.0)
10   | (416, 423)      | (394, 408)      | 26.35    | (-1.0, 0.0)
============================================================
平均中心点误差: 117.38 像素


[Image ID: 00060]
============================================================
Idx  | GT Center       | Pred Center     | Diff(px) | Size Diff(W,H)
------------------------------------------------------------
0    | (752, 449)      | (595, 458)      | 156.73   | (0.0, -1.0)
1    | (458, 406)      | (384, 321)      | 112.70   | (-1.0, -1.0)
2    | (692, 444)      | (789, 447)      | 97.05    | (0.0, 0.0)
3    | (951, 447)      | (622, 450)      | 328.86   | (12.2, 8.6)
4    | (885, 453)      | (694, 445)      | 191.19   | (0.0, -1.0)
5    | (840, 453)      | (619, 444)      | 221.23   | (-1.0, 0.0)
6    | (718, 448)      | (619, 438)      | 100.05   | (-1.0, -1.0)
7    | (602, 453)      | (620, 458)      | 18.07    | (-4.3, -4.9)
8    | (566, 453)      | (531, 447)      | 35.20    | (0.0, 0.0)
9    | (528, 450)      | (225, 372)      | 312.49   | (2.4, 2.9)
10   | (545, 450)      | (538, 444)      | 9.30     | (-0.1, -0.1)
11   | (504, 432)      | (504, 416)      | 16.51    | (0.0, -2.0)
============================================================
平均中心点误差: 133.28 像素


[Image ID: 00120]
============================================================
Idx  | GT Center       | Pred Center     | Diff(px) | Size Diff(W,H)
------------------------------------------------------------
0    | (355, 459)      | (165, 365)      | 212.09   | (25.9, 23.2)
1    | (529, 307)      | (807, 401)      | 293.44   | (-2.2, -4.3)
2    | (498, 407)      | (468, 419)      | 32.78    | (-1.0, 0.0)
3    | (518, 405)      | (517, 401)      | 4.74     | (-1.0, -1.0)
4    | (632, 400)      | (802, 393)      | 169.67   | (-1.0, -1.0)
5    | (550, 406)      | (546, 396)      | 10.53    | (0.0, 2.3)
6    | (795, 405)      | (803, 354)      | 52.12    | (0.0, -1.0)
7    | (804, 405)      | (575, 392)      | 229.84   | (-1.0, -2.0)
8    | (899, 307)      | (824, 310)      | 75.06    | (0.0, -1.0)
9    | (718, 410)      | (676, 414)      | 42.69    | (-1.0, 0.0)
10   | (682, 408)      | (734, 406)      | 52.04    | (-1.0, -1.0)
11   | (610, 417)      | (532, 405)      | 79.00    | (0.0, -1.0)
12   | (205, 310)      | (334, 404)      | 160.02   | (0.0, 0.0)
13   | (67, 289)       | (15, 224)       | 83.10    | (-0.7, -1.4)
============================================================
平均中心点误差: 106.94 像素


[Image ID: 00180]
============================================================
Idx  | GT Center       | Pred Center     | Diff(px) | Size Diff(W,H)
------------------------------------------------------------
0    | (866, 429)      | (859, 429)      | 7.57     | (-1.0, 0.0)
1    | (840, 441)      | (808, 463)      | 39.64    | (-3.8, -3.6)
2    | (733, 443)      | (520, 487)      | 216.91   | (0.0, -1.0)
3    | (694, 444)      | (849, 502)      | 165.32   | (0.0, -1.0)
4    | (553, 474)      | (547, 470)      | 7.26     | (2.0, 5.7)
5    | (909, 480)      | (709, 521)      | 204.65   | (-1.0, 0.0)
6    | (722, 480)      | (516, 496)      | 206.58   | (0.0, -1.0)
7    | (617, 477)      | (440, 480)      | 177.51   | (-1.0, 0.0)
8    | (539, 477)      | (426, 534)      | 126.12   | (0.0, 0.0)
9    | (487, 471)      | (359, 493)      | 130.37   | (-1.0, 0.0)
10   | (283, 535)      | (284, 524)      | 11.54    | (0.0, -1.0)
11   | (77, 493)       | (292, 526)      | 218.01   | (0.0, -1.0)
============================================================
平均中心点误差: 125.96 像素


[Image ID: 00240]
============================================================
Idx  | GT Center       | Pred Center     | Diff(px) | Size Diff(W,H)
------------------------------------------------------------
0    | (913, 392)      | (1012, 335)     | 114.02   | (0.3, 2.8)
1    | (846, 411)      | (845, 454)      | 42.53    | (-1.0, -1.0)
2    | (805, 425)      | (654, 423)      | 151.52   | (-1.0, -1.0)
3    | (658, 421)      | (377, 467)      | 285.23   | (-1.0, -1.0)
4    | (892, 465)      | (922, 389)      | 82.64    | (0.0, 0.0)
5    | (825, 467)      | (680, 459)      | 144.75   | (0.0, -1.0)
6    | (376, 448)      | (541, 448)      | 165.02   | (0.1, 3.7)
7    | (392, 438)      | (387, 446)      | 8.75     | (0.0, -1.0)
8    | (413, 450)      | (399, 488)      | 40.67    | (-1.0, 0.0)
9    | (403, 457)      | (368, 477)      | 39.63    | (0.0, -1.0)
10   | (959, 464)      | (871, 416)      | 100.68   | (-1.0, -2.0)
11   | (459, 455)      | (500, 455)      | 41.00    | (0.0, -1.0)
12   | (515, 465)      | (505, 461)      | 10.77    | (-1.0, 0.0)
13   | (653, 461)      | (580, 465)      | 73.08    | (0.0, -1.0)
14   | (766, 462)      | (708, 483)      | 62.16    | (-1.0, -2.0)
15   | (852, 443)      | (752, 258)      | 210.30   | (0.0, 0.0)
============================================================
平均中心点误差: 98.30 像素


[Image ID: 00300]
============================================================
Idx  | GT Center       | Pred Center     | Diff(px) | Size Diff(W,H)
------------------------------------------------------------
0    | (413, 466)      | (408, 462)      | 6.73     | (-1.0, -1.0)
1    | (922, 488)      | (807, 405)      | 141.82   | (0.0, -2.0)
============================================================
平均中心点误差: 74.28 像素


[Image ID: 00360]
============================================================
Idx  | GT Center       | Pred Center     | Diff(px) | Size Diff(W,H)
------------------------------------------------------------
0    | (671, 525)      | (753, 500)      | 85.73    | (0.0, 0.0)
============================================================
平均中心点误差: 85.73 像素


[Image ID: 00420]
============================================================
Idx  | GT Center       | Pred Center     | Diff(px) | Size Diff(W,H)
------------------------------------------------------------
0    | (782, 492)      | (848, 404)      | 110.00   | (0.0, 0.0)
1    | (854, 478)      | (849, 466)      | 13.20    | (-6.3, -19.2)
2    | (931, 477)      | (893, 460)      | 42.05    | (0.0, 0.0)
3    | (960, 480)      | (943, 386)      | 95.44    | (0.0, 0.0)
4    | (538, 461)      | (590, 472)      | 53.05    | (-1.0, -1.0)
5    | (618, 474)      | (664, 490)      | 49.34    | (0.0, 0.0)
6    | (478, 488)      | (506, 481)      | 28.86    | (0.0, 0.0)
7    | (121, 534)      | (266, 476)      | 155.89   | (-1.0, -1.0)
8    | (255, 498)      | (255, 470)      | 28.00    | (-1.0, 0.0)
9    | (323, 480)      | (388, 454)      | 70.01    | (0.0, 0.0)
10   | (356, 467)      | (521, 464)      | 165.53   | (0.0, -1.0)
11   | (391, 465)      | (394, 451)      | 14.71    | (-1.0, -1.0)
12   | (320, 438)      | (314, 499)      | 60.30    | (0.0, 0.0)
============================================================
平均中心点误差: 68.18 像素


[Image ID: 00480]
============================================================
Idx  | GT Center       | Pred Center     | Diff(px) | Size Diff(W,H)
------------------------------------------------------------
0    | (280, 538)      | (360, 405)      | 155.38   | (-1.0, -1.0)
1    | (605, 507)      | (606, 312)      | 195.00   | (-1.0, -2.0)
2    | (703, 483)      | (680, 453)      | 38.20    | (0.0, -1.0)
3    | (798, 479)      | (697, 479)      | 101.50   | (-1.0, -1.0)
4    | (883, 511)      | (717, 463)      | 173.28   | (-1.0, -1.0)
5    | (884, 476)      | (743, 426)      | 149.77   | (-1.0, -1.0)
6    | (912, 467)      | (567, 442)      | 346.40   | (-1.0, -2.0)
7    | (966, 465)      | (874, 432)      | 98.38    | (-1.0, -1.0)
8    | (709, 443)      | (793, 424)      | 85.52    | (-1.0, -2.0)
============================================================
平均中心点误差: 149.27 像素


[Image ID: 00540]
============================================================
Idx  | GT Center       | Pred Center     | Diff(px) | Size Diff(W,H)
------------------------------------------------------------
0    | (27, 429)       | (133, 422)      | 106.30   | (0.0, 0.0)
1    | (132, 476)      | (204, 439)      | 80.95    | (0.0, 0.0)
2    | (217, 485)      | (281, 146)      | 344.98   | (-0.1, 2.4)
3    | (303, 483)      | (187, 389)      | 149.55   | (0.0, -2.0)
4    | (313, 486)      | (242, 446)      | 81.74    | (0.0, -1.0)
5    | (491, 474)      | (353, 473)      | 138.51   | (-1.0, -1.0)
6    | (520, 477)      | (534, 460)      | 22.06    | (-1.0, -4.1)
7    | (531, 474)      | (236, 192)      | 408.10   | (0.0, 0.0)
8    | (664, 483)      | (643, 494)      | 24.15    | (-1.0, 0.0)
9    | (583, 490)      | (580, 484)      | 6.92     | (-6.1, -5.4)
10   | (955, 512)      | (803, 469)      | 158.58   | (-1.0, -1.0)
11   | (896, 492)      | (801, 484)      | 95.88    | (-1.0, -1.0)
12   | (833, 483)      | (837, 478)      | 6.12     | (-4.8, -3.9)
13   | (752, 489)      | (778, 472)      | 31.34    | (0.0, -1.0)
============================================================
平均中心点误差: 118.23 像素


[Image ID: 00600]
============================================================
Idx  | GT Center       | Pred Center     | Diff(px) | Size Diff(W,H)
------------------------------------------------------------
0    | (63, 496)       | (134, 244)      | 261.66   | (-7.8, -19.3)
1    | (157, 489)      | (155, 489)      | 2.69     | (-1.0, 0.0)
2    | (362, 480)      | (145, 441)      | 220.48   | (0.0, -1.0)
3    | (115, 426)      | (159, 345)      | 93.06    | (0.0, 0.0)
4    | (457, 453)      | (271, 447)      | 186.11   | (0.0, -1.0)
5    | (266, 492)      | (101, 484)      | 165.17   | (0.0, 0.0)
6    | (286, 478)      | (216, 450)      | 75.12    | (0.0, -1.0)
7    | (537, 482)      | (471, 456)      | 70.75    | (-1.0, 0.0)
8    | (599, 471)      | (461, 443)      | 140.81   | (0.0, 0.0)
9    | (984, 520)      | (894, 400)      | 150.70   | (-1.0, -1.0)
10   | (894, 501)      | (880, 496)      | 15.34    | (-1.0, 0.0)
11   | (842, 485)      | (850, 479)      | 9.60     | (-1.0, -1.0)
============================================================
平均中心点误差: 115.96 像素


[Image ID: 00660]
============================================================
Idx  | GT Center       | Pred Center     | Diff(px) | Size Diff(W,H)
------------------------------------------------------------
0    | (928, 432)      | (928, 420)      | 11.11    | (6.9, 4.3)
1    | (771, 473)      | (777, 429)      | 44.90    | (0.0, -1.0)
2    | (274, 477)      | (309, 462)      | 38.08    | (0.0, 0.0)
============================================================
平均中心点误差: 31.36 像素


[Image ID: 00720]
============================================================
Idx  | GT Center       | Pred Center     | Diff(px) | Size Diff(W,H)
------------------------------------------------------------
0    | (74, 452)       | (182, 380)      | 129.38   | (-1.0, 0.0)
1    | (441, 307)      | (493, 299)      | 52.61    | (0.0, 0.0)
============================================================
平均中心点误差: 91.00 像素


[Image ID: 00780]
============================================================
Idx  | GT Center       | Pred Center     | Diff(px) | Size Diff(W,H)
------------------------------------------------------------
0    | (431, 308)      | (324, 300)      | 107.80   | (-1.0, 0.0)
============================================================
平均中心点误差: 107.80 像素


[Image ID: 00840]
============================================================
Idx  | GT Center       | Pred Center     | Diff(px) | Size Diff(W,H)
------------------------------------------------------------
0    | (476, 423)      | (471, 419)      | 5.80     | (-5.2, -8.2)
1    | (511, 425)      | (505, 418)      | 9.22     | (0.0, -2.0)
2    | (531, 423)      | (512, 303)      | 121.91   | (0.0, -1.0)
============================================================
平均中心点误差: 45.65 像素


[Image ID: 00900]
============================================================
Idx  | GT Center       | Pred Center     | Diff(px) | Size Diff(W,H)
------------------------------------------------------------
0    | (384, 497)      | (661, 703)      | 345.20   | (0.0, 0.0)
============================================================
平均中心点误差: 345.20 像素


[Image ID: 00960]
============================================================
Idx  | GT Center       | Pred Center     | Diff(px) | Size Diff(W,H)
------------------------------------------------------------
0    | (560, 547)      | (559, 562)      | 15.07    | (-1.0, 0.0)
1    | (536, 570)      | (526, 525)      | 46.21    | (-1.0, 0.0)
============================================================
平均中心点误差: 30.64 像素


[Image ID: 01020]
============================================================
Idx  | GT Center       | Pred Center     | Diff(px) | Size Diff(W,H)
------------------------------------------------------------
0    | (748, 422)      | (775, 300)      | 124.95   | (-1.0, -1.0)
1    | (782, 427)      | (779, 351)      | 76.56    | (0.0, -1.0)
2    | (969, 438)      | (859, 381)      | 124.35   | (0.0, 0.0)
============================================================
平均中心点误差: 108.62 像素


[Image ID: 01080]
============================================================
Idx  | GT Center       | Pred Center     | Diff(px) | Size Diff(W,H)
------------------------------------------------------------
0    | (275, 420)      | (415, 131)      | 321.87   | (-4.6, -6.7)
1    | (297, 428)      | (301, 365)      | 63.13    | (0.0, 0.0)
============================================================
平均中心点误差: 192.50 像素


[Image ID: 01140]
============================================================
Idx  | GT Center       | Pred Center     | Diff(px) | Size Diff(W,H)
------------------------------------------------------------
0    | (232, 416)      | (334, 502)      | 133.42   | (0.0, -1.0)
1    | (352, 455)      | (346, 449)      | 8.06     | (-2.9, -8.1)
2    | (401, 451)      | (378, 438)      | 27.10    | (-1.0, -1.0)
3    | (148, 459)      | (222, 408)      | 89.68    | (-1.3, -0.5)
4    | (161, 459)      | (414, 439)      | 253.79   | (0.0, 0.0)
============================================================
平均中心点误差: 102.41 像素


[Image ID: 01200]
============================================================
Idx  | GT Center       | Pred Center     | Diff(px) | Size Diff(W,H)
------------------------------------------------------------
0    | (885, 474)      | (615, 440)      | 272.75   | (-1.0, 0.0)
1    | (788, 473)      | (789, 463)      | 10.55    | (0.0, -1.0)
2    | (538, 483)      | (595, 471)      | 57.76    | (-1.0, 0.0)
3    | (570, 485)      | (384, 378)      | 214.58   | (0.0, 0.0)
4    | (591, 489)      | (404, 397)      | 208.85   | (-1.0, -2.0)
5    | (607, 489)      | (540, 464)      | 71.52    | (4.9, 7.7)
6    | (652, 486)      | (502, 456)      | 152.97   | (0.0, -1.0)
7    | (604, 437)      | (593, 470)      | 34.95    | (-1.0, 0.0)
8    | (501, 483)      | (527, 454)      | 39.32    | (-1.0, -1.0)
9    | (554, 473)      | (605, 384)      | 102.33   | (-1.0, -1.0)
10   | (538, 467)      | (537, 458)      | 9.12     | (-1.0, 0.0)
11   | (558, 462)      | (688, 480)      | 130.61   | (-1.0, 0.0)
12   | (507, 468)      | (520, 480)      | 17.03    | (-1.0, 0.0)
13   | (433, 474)      | (553, 491)      | 121.06   | (-1.0, 0.0)
14   | (28, 464)       | (140, 464)      | 112.00   | (0.0, -1.0)
============================================================
平均中心点误差: 103.69 像素


[Image ID: 01260]
============================================================
Idx  | GT Center       | Pred Center     | Diff(px) | Size Diff(W,H)
------------------------------------------------------------
0    | (235, 431)      | (248, 385)      | 48.15    | (-1.0, -1.0)
1    | (291, 420)      | (190, 151)      | 287.32   | (-0.6, -1.7)
2    | (439, 424)      | (360, 397)      | 84.12    | (-1.0, -1.0)
3    | (482, 426)      | (397, 412)      | 86.72    | (-1.0, -1.0)
============================================================
平均中心点误差: 126.58 像素


[Image ID: 01320]
============================================================
Idx  | GT Center       | Pred Center     | Diff(px) | Size Diff(W,H)
------------------------------------------------------------
0    | (233, 163)      | (226, 183)      | 21.19    | (-1.0, 0.0)
1    | (329, 192)      | (324, 192)      | 4.79     | (-11.9, -42.5)
============================================================
平均中心点误差: 12.99 像素


[Image ID: 01380]
============================================================
Idx  | GT Center       | Pred Center     | Diff(px) | Size Diff(W,H)
------------------------------------------------------------
0    | (467, 495)      | (494, 495)      | 27.00    | (0.0, 0.0)
1    | (476, 493)      | (480, 489)      | 5.94     | (0.2, -0.5)
2    | (484, 495)      | (491, 489)      | 9.55     | (0.0, -1.0)
3    | (508, 495)      | (480, 492)      | 28.78    | (-1.0, 0.0)
4    | (351, 488)      | (472, 720)      | 261.66   | (-1.0, 0.0)
5    | (363, 488)      | (211, 608)      | 193.97   | (0.0, 0.0)
============================================================
平均中心点误差: 87.82 像素


[Image ID: 01440]
============================================================
Idx  | GT Center       | Pred Center     | Diff(px) | Size Diff(W,H)
------------------------------------------------------------
0    | (782, 571)      | (752, 448)      | 127.09   | (0.0, -1.0)
1    | (842, 583)      | (756, 448)      | 160.22   | (0.0, -1.0)
============================================================
平均中心点误差: 143.66 像素


[Image ID: 01500]
============================================================
Idx  | GT Center       | Pred Center     | Diff(px) | Size Diff(W,H)
------------------------------------------------------------
0    | (306, 277)      | (303, 266)      | 11.79    | (-0.7, -2.8)
1    | (240, 283)      | (236, 280)      | 4.28     | (2.1, 4.5)
2    | (545, 287)      | (543, 285)      | 3.20     | (-1.0, -1.0)
============================================================
平均中心点误差: 6.42 像素


[Image ID: 01560]
============================================================
Idx  | GT Center       | Pred Center     | Diff(px) | Size Diff(W,H)
------------------------------------------------------------
0    | (534, 528)      | (533, 654)      | 125.50   | (0.0, -1.0)
============================================================
平均中心点误差: 125.50 像素


[Image ID: 01620]
============================================================
Idx  | GT Center       | Pred Center     | Diff(px) | Size Diff(W,H)
------------------------------------------------------------
0    | (770, 313)      | (736, 284)      | 45.01    | (0.0, -1.0)
1    | (778, 327)      | (734, 367)      | 59.84    | (-1.0, 0.0)
2    | (810, 331)      | (793, 336)      | 17.27    | (-1.4, -1.9)
3    | (831, 319)      | (878, 318)      | 46.50    | (-1.0, 0.0)
4    | (885, 319)      | (796, 340)      | 91.07    | (0.0, 0.0)
5    | (910, 309)      | (705, 337)      | 206.90   | (0.0, 0.0)
6    | (925, 309)      | (761, 249)      | 174.80   | (0.0, -1.0)
7    | (924, 309)      | (761, 249)      | 173.69   | (0.0, 0.0)
8    | (924, 312)      | (762, 252)      | 172.93   | (0.0, -1.0)
============================================================
平均中心点误差: 109.78 像素


[Image ID: 01680]
============================================================
Idx  | GT Center       | Pred Center     | Diff(px) | Size Diff(W,H)
------------------------------------------------------------
0    | (851, 276)      | (848, 274)      | 3.28     | (-9.9, -7.3)
1    | (923, 259)      | (889, 286)      | 43.81    | (-1.0, 0.0)
2    | (916, 289)      | (823, 276)      | 93.97    | (0.0, -1.0)
============================================================
平均中心点误差: 47.02 像素


[Image ID: 01740]
============================================================
Idx  | GT Center       | Pred Center     | Diff(px) | Size Diff(W,H)
------------------------------------------------------------
0    | (290, 690)      | (285, 688)      | 5.62     | (-2.1, -3.9)
1    | (400, 686)      | (398, 680)      | 6.09     | (-6.1, -13.6)
2    | (240, 668)      | (497, 590)      | 268.24   | (-1.0, -1.0)
3    | (232, 680)      | (300, 604)      | 102.31   | (0.0, -2.0)
============================================================
平均中心点误差: 95.57 像素


[Image ID: 01800]
============================================================
Idx  | GT Center       | Pred Center     | Diff(px) | Size Diff(W,H)
------------------------------------------------------------
0    | (106, 128)      | (103, 123)      | 5.37     | (-1.0, 1.1)
1    | (343, 129)      | (338, 127)      | 4.94     | (1.5, 2.3)
============================================================
平均中心点误差: 5.16 像素


[Image ID: 01860]
============================================================
Idx  | GT Center       | Pred Center     | Diff(px) | Size Diff(W,H)
------------------------------------------------------------
0    | (194, 537)      | (189, 531)      | 7.48     | (-5.3, -7.7)
1    | (638, 543)      | (633, 538)      | 6.91     | (0.1, 0.2)
============================================================
平均中心点误差: 7.19 像素


[Image ID: 01920]
============================================================
Idx  | GT Center       | Pred Center     | Diff(px) | Size Diff(W,H)
------------------------------------------------------------
0    | (303, 132)      | (301, 129)      | 3.51     | (-1.5, -2.6)
1    | (91, 109)       | (89, 106)       | 3.91     | (-1.0, -2.0)
============================================================
平均中心点误差: 3.71 像素


[Image ID: 01980]
============================================================
Idx  | GT Center       | Pred Center     | Diff(px) | Size Diff(W,H)
------------------------------------------------------------
0    | (433, 392)      | (429, 398)      | 7.21     | (0.0, 0.0)
1    | (463, 395)      | (496, 269)      | 129.77   | (-1.0, 0.0)
2    | (503, 398)      | (645, 414)      | 142.90   | (0.0, 0.0)
3    | (545, 398)      | (645, 419)      | 101.69   | (-1.0, -2.0)
4    | (555, 400)      | (406, 355)      | 156.27   | (-1.0, -1.0)
5    | (576, 398)      | (627, 405)      | 50.92    | (-1.0, -1.0)
6    | (602, 406)      | (686, 411)      | 84.12    | (0.0, -1.0)
7    | (613, 405)      | (929, 400)      | 316.35   | (0.7, 2.9)
8    | (632, 405)      | (644, 384)      | 24.38    | (-1.0, -1.0)
9    | (623, 407)      | (588, 372)      | 49.50    | (0.0, 0.0)
10   | (649, 408)      | (822, 406)      | 172.52   | (-1.0, -1.0)
11   | (668, 405)      | (528, 390)      | 141.30   | (-1.0, -2.0)
12   | (686, 411)      | (635, 398)      | 52.76    | (-1.0, -1.0)
13   | (698, 413)      | (592, 402)      | 106.57   | (-1.0, 0.0)
14   | (712, 411)      | (709, 410)      | 3.35     | (0.0, -1.0)
15   | (736, 412)      | (664, 396)      | 73.38    | (0.0, -1.0)
16   | (1018, 427)     | (1015, 424)     | 4.59     | (-1.4, -2.1)
17   | (996, 428)      | (920, 416)      | 76.94    | (-1.0, -1.0)
18   | (1009, 428)     | (814, 418)      | 195.28   | (0.0, -1.0)
19   | (963, 431)      | (748, 484)      | 221.80   | (-1.0, -1.0)
20   | (943, 429)      | (930, 422)      | 15.44    | (-1.0, -1.0)
21   | (921, 429)      | (915, 407)      | 23.29    | (-1.0, -1.0)
22   | (909, 429)      | (760, 401)      | 151.61   | (-1.0, -1.0)
23   | (901, 428)      | (886, 299)      | 130.37   | (0.0, -1.0)
24   | (889, 428)      | (725, 406)      | 165.54   | (-1.0, -1.0)
25   | (876, 426)      | (656, 406)      | 220.91   | (0.0, 0.0)
26   | (848, 423)      | (632, 398)      | 217.56   | (0.0, 0.0)
27   | (839, 422)      | (736, 396)      | 106.35   | (0.0, -1.0)
28   | (831, 422)      | (712, 403)      | 120.43   | (-1.0, 0.0)
29   | (808, 420)      | (826, 417)      | 18.34    | (0.0, -1.0)
30   | (767, 417)      | (774, 241)      | 177.14   | (0.0, 0.0)
31   | (795, 422)      | (884, 418)      | 89.09    | (0.0, 0.0)
32   | (757, 415)      | (481, 191)      | 355.07   | (0.0, -1.0)
33   | (747, 412)      | (702, 409)      | 45.63    | (-1.0, -1.0)
============================================================
平均中心点误差: 116.13 像素


[Image ID: 02040]
============================================================
Idx  | GT Center       | Pred Center     | Diff(px) | Size Diff(W,H)
------------------------------------------------------------
0    | (254, 654)      | (250, 640)      | 13.54    | (10.1, 7.7)
1    | (370, 619)      | (364, 577)      | 42.43    | (0.0, 0.0)
2    | (411, 619)      | (372, 580)      | 54.55    | (-3.2, -3.2)
3    | (74, 615)       | (208, 578)      | 138.53   | (-1.0, 0.0)
============================================================
平均中心点误差: 62.26 像素


[Image ID: 02100]
============================================================
Idx  | GT Center       | Pred Center     | Diff(px) | Size Diff(W,H)
------------------------------------------------------------
0    | (933, 645)      | (831, 676)      | 107.08   | (0.7, -1.4)
1    | (863, 645)      | (777, 487)      | 180.13   | (-1.0, 0.0)
2    | (739, 647)      | (722, 603)      | 47.35    | (-1.0, -1.0)
3    | (618, 652)      | (612, 650)      | 6.41     | (-5.9, -5.2)
4    | (680, 646)      | (636, 643)      | 44.64    | (-1.0, -1.0)
5    | (569, 644)      | (605, 521)      | 128.30   | (0.0, 0.0)
6    | (546, 638)      | (447, 638)      | 99.00    | (0.0, 0.0)
7    | (499, 652)      | (571, 639)      | 73.16    | (0.0, 0.0)
8    | (529, 645)      | (586, 594)      | 76.49    | (0.0, 0.0)
9    | (653, 644)      | (927, 555)      | 288.09   | (0.0, 0.0)
10   | (501, 639)      | (617, 635)      | 115.57   | (-1.0, 0.0)
11   | (513, 640)      | (644, 648)      | 131.24   | (-1.0, -1.0)
============================================================
平均中心点误差: 108.12 像素


[Image ID: 02160]
============================================================
Idx  | GT Center       | Pred Center     | Diff(px) | Size Diff(W,H)
------------------------------------------------------------
0    | (286, 739)      | (605, 619)      | 341.68   | (8.6, 0.4)
1    | (573, 704)      | (570, 700)      | 4.07     | (-0.7, -0.6)
2    | (604, 702)      | (779, 671)      | 177.64   | (0.0, 0.0)
3    | (665, 711)      | (586, 659)      | 94.61    | (7.5, 4.6)
4    | (803, 717)      | (807, 691)      | 26.31    | (0.0, -1.0)
5    | (844, 711)      | (833, 742)      | 33.38    | (-9.0, -5.6)
6    | (915, 717)      | (921, 722)      | 8.29     | (-6.7, -3.0)
7    | (977, 703)      | (979, 708)      | 6.17     | (-7.2, -4.0)
8    | (441, 515)      | (436, 509)      | 7.88     | (4.0, 10.3)
9    | (854, 639)      | (694, 726)      | 182.20   | (-7.3, -11.6)
10   | (982, 723)      | (824, 646)      | 175.76   | (-1.0, -1.0)
11   | (730, 685)      | (600, 588)      | 162.20   | (-1.0, -1.0)
============================================================
平均中心点误差: 101.68 像素


[Image ID: 02220]
============================================================
Idx  | GT Center       | Pred Center     | Diff(px) | Size Diff(W,H)
------------------------------------------------------------
0    | (40, 586)       | (43, 574)       | 12.61    | (3.4, 2.4)
1    | (75, 570)       | (79, 556)       | 14.90    | (-4.5, -4.5)
2    | (141, 572)      | (277, 542)      | 138.78   | (-1.0, 0.0)
3    | (197, 576)      | (350, 541)      | 156.46   | (-1.0, 0.0)
4    | (379, 575)      | (372, 538)      | 37.75    | (-1.0, 0.0)
5    | (298, 562)      | (377, 532)      | 83.86    | (-1.0, 0.0)
6    | (446, 571)      | (483, 564)      | 37.17    | (-1.0, 0.0)
7    | (485, 563)      | (388, 535)      | 101.10   | (0.0, -1.0)
8    | (713, 583)      | (773, 576)      | 60.47    | (0.0, -1.0)
9    | (865, 605)      | (740, 592)      | 125.18   | (0.0, -2.0)
10   | (975, 679)      | (920, 654)      | 60.42    | (0.0, 0.0)
11   | (946, 591)      | (872, 583)      | 73.93    | (0.0, 0.0)
12   | (792, 568)      | (782, 562)      | 11.93    | (0.0, -1.0)
13   | (760, 563)      | (756, 560)      | 4.14     | (-3.9, -4.6)
14   | (727, 558)      | (753, 555)      | 25.74    | (-1.0, -1.0)
15   | (567, 489)      | (337, 536)      | 235.14   | (-1.0, -1.0)
16   | (941, 505)      | (916, 590)      | 88.12    | (0.0, -1.0)
17   | (543, 579)      | (406, 582)      | 137.34   | (-1.2, -0.3)
18   | (581, 486)      | (445, 496)      | 136.83   | (-1.0, -1.0)
19   | (955, 505)      | (726, 534)      | 231.32   | (-1.0, -1.0)
20   | (950, 537)      | (714, 499)      | 238.96   | (0.0, 0.0)
============================================================
平均中心点误差: 95.82 像素


[Image ID: 02280]
============================================================
Idx  | GT Center       | Pred Center     | Diff(px) | Size Diff(W,H)
------------------------------------------------------------
0    | (515, 685)      | (506, 690)      | 10.02    | (-4.9, -4.0)
1    | (589, 666)      | (722, 660)      | 132.66   | (-1.0, -1.0)
2    | (636, 678)      | (628, 673)      | 8.91     | (6.1, 3.2)
3    | (916, 697)      | (838, 642)      | 95.44    | (0.0, 0.0)
4    | (843, 648)      | (844, 648)      | 1.97     | (13.1, 7.5)
5    | (558, 659)      | (837, 594)      | 285.98   | (-1.0, 0.0)
============================================================
平均中心点误差: 89.16 像素


[Image ID: 02340]
============================================================
Idx  | GT Center       | Pred Center     | Diff(px) | Size Diff(W,H)
------------------------------------------------------------
0    | (548, 709)      | (544, 703)      | 6.91     | (0.1, -1.1)
1    | (591, 700)      | (607, 675)      | 30.10    | (0.0, -1.0)
============================================================
平均中心点误差: 18.51 像素


[Image ID: 02400]
============================================================
Idx  | GT Center       | Pred Center     | Diff(px) | Size Diff(W,H)
------------------------------------------------------------
0    | (417, 593)      | (409, 587)      | 9.91     | (-3.4, -1.8)
1    | (483, 582)      | (576, 530)      | 106.11   | (-1.0, -2.0)
2    | (550, 586)      | (547, 580)      | 5.84     | (-1.6, -1.4)
3    | (636, 586)      | (632, 580)      | 7.42     | (-3.0, -3.2)
4    | (784, 626)      | (786, 626)      | 2.74     | (9.8, 7.1)
============================================================
平均中心点误差: 26.40 像素


[Image ID: 02460]
============================================================
Idx  | GT Center       | Pred Center     | Diff(px) | Size Diff(W,H)
------------------------------------------------------------
0    | (288, 577)      | (274, 528)      | 50.96    | (0.0, 0.0)
1    | (189, 578)      | (225, 552)      | 44.41    | (0.0, 0.0)
2    | (391, 573)      | (351, 505)      | 79.58    | (-1.0, -1.0)
3    | (554, 617)      | (628, 503)      | 136.33   | (0.0, -1.0)
4    | (448, 565)      | (446, 489)      | 76.53    | (-1.0, -1.0)
5    | (572, 557)      | (574, 497)      | 60.53    | (0.0, -1.0)
6    | (716, 559)      | (708, 530)      | 30.08    | (0.0, 0.0)
7    | (342, 588)      | (337, 516)      | 72.21    | (-1.0, 0.0)
8    | (226, 556)      | (223, 544)      | 12.37    | (0.0, 0.0)
9    | (481, 575)      | (506, 513)      | 66.67    | (-1.0, 0.0)
10   | (746, 525)      | (722, 493)      | 40.11    | (0.0, -1.0)
============================================================
平均中心点误差: 60.89 像素


[Image ID: 02520]
============================================================
Idx  | GT Center       | Pred Center     | Diff(px) | Size Diff(W,H)
------------------------------------------------------------
0    | (542, 674)      | (566, 652)      | 32.19    | (-1.0, 0.0)
1    | (556, 674)      | (819, 470)      | 332.93   | (0.0, -2.0)
2    | (607, 679)      | (438, 477)      | 263.37   | (0.0, 0.0)
3    | (379, 679)      | (380, 548)      | 130.51   | (0.0, 0.0)
4    | (427, 663)      | (411, 524)      | 140.41   | (0.0, -1.0)
============================================================
平均中心点误差: 179.88 像素


[Image ID: 02580]
============================================================
Idx  | GT Center       | Pred Center     | Diff(px) | Size Diff(W,H)
------------------------------------------------------------
0    | (392, 704)      | (324, 697)      | 68.41    | (0.0, -1.0)
1    | (323, 700)      | (357, 672)      | 43.73    | (0.0, 0.0)
2    | (231, 717)      | (270, 681)      | 53.05    | (-1.0, -1.0)
3    | (96, 688)       | (187, 620)      | 113.30   | (0.0, 0.0)
4    | (511, 731)      | (591, 671)      | 99.30    | (-1.0, 0.0)
5    | (641, 714)      | (624, 649)      | 67.19    | (-1.0, -1.0)
6    | (562, 716)      | (328, 595)      | 263.22   | (0.0, -1.0)
7    | (546, 697)      | (254, 586)      | 313.03   | (-1.0, -1.0)
8    | (451, 709)      | (329, 593)      | 168.34   | (0.0, 0.0)
9    | (512, 689)      | (411, 596)      | 138.00   | (-1.0, -1.0)
10   | (526, 689)      | (521, 686)      | 6.26     | (-1.0, -1.0)
============================================================
平均中心点误差: 121.26 像素


[Image ID: 02640]
============================================================
Idx  | GT Center       | Pred Center     | Diff(px) | Size Diff(W,H)
------------------------------------------------------------
0    | (676, 209)      | (635, 207)      | 41.05    | (0.0, 0.0)
1    | (464, 286)      | (476, 267)      | 22.21    | (-1.0, -1.0)
2    | (489, 285)      | (393, 270)      | 97.16    | (0.0, 0.0)
3    | (370, 302)      | (382, 280)      | 25.05    | (-5.8, -4.4)
4    | (393, 293)      | (467, 257)      | 82.06    | (-1.0, -1.0)
5    | (418, 292)      | (612, 261)      | 196.54   | (0.0, -1.0)
============================================================
平均中心点误差: 77.35 像素


[Image ID: 02700]
============================================================
Idx  | GT Center       | Pred Center     | Diff(px) | Size Diff(W,H)
------------------------------------------------------------
0    | (132, 349)      | (133, 347)      | 1.77     | (16.9, 10.0)
1    | (212, 311)      | (245, 301)      | 35.11    | (0.0, -1.0)
2    | (245, 307)      | (240, 295)      | 13.66    | (-1.0, -1.0)
3    | (303, 304)      | (240, 300)      | 62.63    | (0.0, -1.0)
4    | (346, 311)      | (336, 293)      | 20.75    | (9.2, 10.7)
5    | (569, 280)      | (490, 280)      | 79.00    | (-1.0, 0.0)
6    | (551, 280)      | (627, 192)      | 115.57   | (-1.0, 0.0)
============================================================
平均中心点误差: 46.93 像素


[Image ID: 02760]
============================================================
Idx  | GT Center       | Pred Center     | Diff(px) | Size Diff(W,H)
------------------------------------------------------------
0    | (669, 559)      | (732, 354)      | 214.46   | (-1.0, -2.0)
============================================================
平均中心点误差: 214.46 像素


[Image ID: 02820]
============================================================
Idx  | GT Center       | Pred Center     | Diff(px) | Size Diff(W,H)
------------------------------------------------------------
0    | (63, 641)       | (115, 522)      | 130.12   | (-1.0, -1.0)
1    | (389, 576)      | (428, 548)      | 48.30    | (0.0, -1.0)
2    | (551, 579)      | (499, 572)      | 52.96    | (-1.0, 0.0)
3    | (750, 580)      | (701, 555)      | 54.78    | (0.0, 0.0)
4    | (654, 618)      | (664, 608)      | 14.02    | (-13.0, -32.8)
============================================================
平均中心点误差: 60.04 像素


[Image ID: 02880]
============================================================
Idx  | GT Center       | Pred Center     | Diff(px) | Size Diff(W,H)
------------------------------------------------------------
0    | (428, 558)      | (423, 552)      | 7.88     | (4.2, 2.2)
1    | (540, 539)      | (539, 525)      | 13.97    | (-19.1, -16.6)
2    | (753, 456)      | (870, 414)      | 124.65   | (0.0, 0.0)
============================================================
平均中心点误差: 48.83 像素


[Image ID: 02940]
============================================================
Idx  | GT Center       | Pred Center     | Diff(px) | Size Diff(W,H)
------------------------------------------------------------
0    | (49, 590)       | (49, 585)       | 4.35     | (-7.7, -10.8)
1    | (91, 569)       | (187, 487)      | 126.25   | (-1.0, 0.0)
2    | (75, 519)       | (214, 466)      | 148.47   | (-1.0, -1.0)
3    | (215, 552)      | (224, 521)      | 32.14    | (-1.0, 0.0)
4    | (289, 559)      | (232, 540)      | 59.61    | (0.0, -1.0)
5    | (415, 531)      | (408, 497)      | 34.82    | (-1.0, 0.0)
6    | (511, 515)      | (528, 469)      | 49.22    | (0.0, 0.0)
7    | (534, 508)      | (673, 450)      | 150.81   | (0.0, -1.0)
8    | (575, 518)      | (569, 515)      | 6.98     | (-2.2, -2.1)
9    | (626, 505)      | (620, 500)      | 7.65     | (4.1, 1.1)
10   | (662, 500)      | (655, 497)      | 7.19     | (-11.3, -6.1)
11   | (743, 497)      | (590, 492)      | 153.58   | (-1.0, 0.0)
12   | (713, 462)      | (597, 290)      | 208.29   | (0.0, 0.0)
13   | (660, 512)      | (578, 365)      | 169.00   | (-1.0, -1.0)
14   | (886, 488)      | (891, 484)      | 6.80     | (10.0, 5.4)
15   | (978, 488)      | (988, 200)      | 287.77   | (-0.9, 0.1)
16   | (450, 501)      | (433, 426)      | 77.01    | (-1.0, 0.0)
17   | (746, 479)      | (639, 488)      | 106.88   | (0.0, 0.0)
============================================================
平均中心点误差: 90.94 像素


[Image ID: 03000]
============================================================
Idx  | GT Center       | Pred Center     | Diff(px) | Size Diff(W,H)
------------------------------------------------------------
0    | (255, 468)      | (301, 446)      | 50.54    | (-1.0, 0.0)
1    | (361, 455)      | (359, 419)      | 36.03    | (0.0, -1.0)
2    | (381, 448)      | (268, 304)      | 183.75   | (-1.0, -1.0)
3    | (412, 464)      | (406, 454)      | 11.02    | (1.4, -0.8)
4    | (572, 464)      | (536, 462)      | 35.56    | (0.0, 0.0)
5    | (647, 482)      | (648, 475)      | 6.70     | (5.4, 11.8)
6    | (350, 447)      | (394, 300)      | 153.78   | (-1.0, -1.0)
============================================================
平均中心点误差: 68.20 像素


[Image ID: 03060]
============================================================
Idx  | GT Center       | Pred Center     | Diff(px) | Size Diff(W,H)
------------------------------------------------------------
0    | (59, 597)       | (120, 496)      | 117.82   | (-21.9, -39.2)
1    | (77, 512)       | (76, 497)       | 14.71    | (-3.1, -3.1)
2    | (147, 491)      | (275, 480)      | 128.02   | (-1.0, -1.0)
3    | (256, 485)      | (347, 471)      | 91.65    | (-1.0, -1.0)
4    | (241, 465)      | (463, 454)      | 221.77   | (-1.0, 0.0)
5    | (265, 459)      | (263, 446)      | 13.32    | (-4.0, -3.5)
6    | (432, 463)      | (507, 454)      | 75.10    | (-1.0, -1.0)
7    | (520, 498)      | (447, 437)      | 96.16    | (-1.0, 0.0)
8    | (334, 491)      | (332, 478)      | 13.65    | (-1.0, -1.0)
9    | (636, 477)      | (632, 476)      | 3.99     | (-2.1, -9.0)
10   | (226, 491)      | (289, 435)      | 84.62    | (0.0, -1.0)
11   | (544, 425)      | (444, 407)      | 101.12   | (0.0, -2.0)
12   | (477, 426)      | (695, 452)      | 219.54   | (0.0, 0.0)
13   | (865, 437)      | (757, 406)      | 112.84   | (-1.0, 0.0)
14   | (468, 467)      | (249, 484)      | 220.16   | (-1.0, -2.0)
15   | (467, 458)      | (202, 449)      | 265.65   | (-1.0, 0.0)
============================================================
平均中心点误差: 111.26 像素


[Image ID: 03120]
============================================================
Idx  | GT Center       | Pred Center     | Diff(px) | Size Diff(W,H)
------------------------------------------------------------
0    | (158, 474)      | (39, 480)       | 118.47   | (9.3, 2.0)
1    | (828, 461)      | (752, 455)      | 76.28    | (0.0, -1.0)
2    | (271, 492)      | (248, 462)      | 37.80    | (0.0, -1.0)
3    | (239, 356)      | (234, 351)      | 6.73     | (-2.6, -7.3)
4    | (733, 329)      | (728, 324)      | 6.68     | (-1.1, -0.1)
============================================================
平均中心点误差: 49.19 像素


[Image ID: 03180]
============================================================
Idx  | GT Center       | Pred Center     | Diff(px) | Size Diff(W,H)
------------------------------------------------------------
0    | (272, 581)      | (247, 528)      | 58.82    | (-1.0, 0.0)
1    | (464, 566)      | (456, 562)      | 8.49     | (-8.6, -7.0)
2    | (490, 569)      | (408, 534)      | 89.62    | (-1.0, 0.0)
3    | (499, 566)      | (512, 527)      | 41.11    | (-1.0, -1.0)
4    | (560, 552)      | (554, 522)      | 30.70    | (-1.0, -1.0)
5    | (613, 561)      | (890, 587)      | 278.38   | (2.1, 3.2)
============================================================
平均中心点误差: 84.52 像素


[Image ID: 03240]
============================================================
Idx  | GT Center       | Pred Center     | Diff(px) | Size Diff(W,H)
------------------------------------------------------------
0    | (584, 503)      | (580, 499)      | 5.18     | (3.8, 5.0)
1    | (665, 473)      | (663, 494)      | 21.10    | (0.0, 0.0)
2    | (687, 471)      | (519, 474)      | 168.02   | (0.0, -1.0)
3    | (747, 465)      | (668, 391)      | 108.59   | (-1.0, -1.0)
============================================================
平均中心点误差: 75.72 像素


[Image ID: 03300]
============================================================
Idx  | GT Center       | Pred Center     | Diff(px) | Size Diff(W,H)
------------------------------------------------------------
0    | (550, 717)      | (581, 648)      | 75.90    | (-1.0, -1.0)
1    | (381, 708)      | (378, 696)      | 12.20    | (-2.2, -1.9)
2    | (311, 701)      | (411, 589)      | 149.71   | (-7.2, -6.7)
3    | (284, 697)      | (206, 667)      | 83.60    | (1.8, 1.5)
4    | (212, 706)      | (314, 691)      | 102.60   | (-1.0, -1.0)
5    | (172, 697)      | (199, 395)      | 302.65   | (1.6, 1.9)
6    | (155, 691)      | (206, 514)      | 184.68   | (0.0, -1.0)
7    | (131, 568)      | (327, 509)      | 205.22   | (-3.1, -8.9)
8    | (720, 576)      | (716, 573)      | 4.43     | (-1.0, -2.0)
9    | (727, 617)      | (731, 602)      | 15.89    | (-1.0, -1.0)
10   | (715, 618)      | (834, 558)      | 133.27   | (0.0, 0.0)
11   | (49, 523)       | (50, 513)       | 10.46    | (1.6, 3.9)
============================================================
平均中心点误差: 106.72 像素


[Image ID: 03360]
============================================================
Idx  | GT Center       | Pred Center     | Diff(px) | Size Diff(W,H)
------------------------------------------------------------
0    | (693, 665)      | (679, 608)      | 58.21    | (-1.0, 0.0)
1    | (619, 639)      | (440, 538)      | 205.53   | (0.0, 0.0)
2    | (560, 636)      | (675, 531)      | 155.72   | (0.0, 0.0)
3    | (540, 632)      | (536, 441)      | 191.03   | (0.0, 0.0)
4    | (580, 627)      | (372, 419)      | 294.51   | (-1.0, 0.0)
5    | (590, 641)      | (409, 432)      | 276.26   | (-1.9, -3.3)
============================================================
平均中心点误差: 196.88 像素


[Image ID: 03420]
============================================================
Idx  | GT Center       | Pred Center     | Diff(px) | Size Diff(W,H)
------------------------------------------------------------
0    | (483, 674)      | (482, 598)      | 75.51    | (-1.0, 0.0)
1    | (449, 652)      | (449, 630)      | 22.50    | (0.0, -1.0)
2    | (510, 640)      | (506, 537)      | 103.08   | (0.0, 0.0)
3    | (566, 635)      | (559, 627)      | 11.34    | (-1.0, -1.0)
4    | (598, 635)      | (600, 519)      | 116.01   | (-1.0, 0.0)
5    | (632, 638)      | (606, 554)      | 87.93    | (0.0, 0.0)
6    | (655, 631)      | (844, 464)      | 251.88   | (0.0, -2.0)
7    | (678, 632)      | (592, 478)      | 176.82   | (-1.0, -1.0)
8    | (811, 636)      | (752, 557)      | 98.20    | (-1.0, 0.0)
9    | (787, 637)      | (734, 416)      | 227.87   | (-1.0, -1.0)
10   | (780, 640)      | (860, 497)      | 163.86   | (0.0, 0.0)
11   | (1014, 648)     | (866, 589)      | 159.14   | (0.0, 0.0)
12   | (875, 647)      | (803, 576)      | 101.12   | (0.0, -1.0)
13   | (857, 642)      | (853, 637)      | 6.31     | (1.2, 2.7)
============================================================
平均中心点误差: 114.40 像素


[Image ID: 03480]
============================================================
Idx  | GT Center       | Pred Center     | Diff(px) | Size Diff(W,H)
------------------------------------------------------------
0    | (317, 674)      | (350, 636)      | 50.00    | (-1.0, -1.0)
1    | (552, 627)      | (617, 546)      | 104.56   | (0.0, -1.0)
2    | (658, 596)      | (654, 592)      | 5.86     | (-6.9, -7.4)
3    | (756, 603)      | (720, 542)      | 70.83    | (0.0, 0.0)
4    | (944, 666)      | (949, 662)      | 6.88     | (-0.3, -0.2)
5    | (986, 677)      | (938, 680)      | 48.04    | (-2.5, -4.7)
6    | (920, 515)      | (830, 462)      | 105.13   | (-1.0, -1.0)
7    | (859, 600)      | (840, 726)      | 127.69   | (0.4, 0.5)
8    | (795, 590)      | (798, 586)      | 5.84     | (4.2, 3.2)
9    | (879, 624)      | (655, 492)      | 260.43   | (-1.0, 0.0)
10   | (831, 612)      | (700, 540)      | 150.16   | (-1.0, -1.0)
11   | (797, 574)      | (709, 548)      | 91.90    | (0.0, -1.0)
============================================================
平均中心点误差: 85.61 像素


[Image ID: 03540]
============================================================
Idx  | GT Center       | Pred Center     | Diff(px) | Size Diff(W,H)
------------------------------------------------------------
0    | (570, 657)      | (708, 615)      | 144.90   | (1.5, 0.2)
1    | (638, 660)      | (632, 655)      | 7.83     | (0.6, 0.3)
2    | (658, 653)      | (535, 589)      | 139.33   | (-1.0, -1.0)
3    | (680, 651)      | (641, 666)      | 42.25    | (-1.0, 0.0)
4    | (708, 652)      | (560, 596)      | 158.06   | (-1.0, 0.0)
5    | (890, 665)      | (850, 645)      | 44.72    | (0.0, -1.0)
6    | (727, 650)      | (528, 662)      | 198.83   | (0.0, -1.0)
7    | (790, 656)      | (691, 556)      | 140.72   | (0.0, -1.0)
8    | (864, 675)      | (820, 614)      | 74.92    | (0.0, -1.0)
9    | (1010, 670)     | (941, 548)      | 140.60   | (0.0, -1.0)
10   | (739, 650)      | (813, 665)      | 75.01    | (-1.0, 0.0)
11   | (969, 668)      | (876, 552)      | 148.68   | (-1.0, -1.0)
12   | (986, 668)      | (788, 574)      | 219.18   | (0.0, 0.0)
============================================================
平均中心点误差: 118.08 像素


[Image ID: 03600]
============================================================
Idx  | GT Center       | Pred Center     | Diff(px) | Size Diff(W,H)
------------------------------------------------------------
0    | (30, 725)       | (30, 709)       | 15.79    | (-5.4, -8.8)
1    | (179, 718)      | (183, 703)      | 15.53    | (-14.2, -6.9)
2    | (220, 685)      | (220, 674)      | 11.42    | (-24.7, -12.5)
3    | (533, 720)      | (535, 713)      | 6.90     | (9.5, 2.4)
4    | (761, 734)      | (758, 730)      | 5.17     | (21.1, 6.1)
5    | (379, 695)      | (379, 684)      | 11.51    | (-1.0, -1.0)
6    | (327, 700)      | (322, 680)      | 21.22    | (-1.0, -1.0)
7    | (896, 701)      | (785, 577)      | 166.42   | (0.0, -1.0)
8    | (836, 698)      | (808, 632)      | 71.23    | (0.0, 0.0)
9    | (715, 684)      | (711, 680)      | 4.92     | (1.7, 3.2)
10   | (776, 687)      | (693, 611)      | 112.91   | (-1.0, 0.0)
11   | (807, 680)      | (695, 668)      | 113.14   | (-1.0, 0.0)
12   | (728, 686)      | (596, 553)      | 187.74   | (-1.0, 0.0)
13   | (743, 685)      | (741, 694)      | 9.22     | (0.0, 0.0)
14   | (763, 682)      | (645, 646)      | 123.52   | (0.0, -1.0)
15   | (684, 680)      | (748, 635)      | 78.53    | (0.0, -1.0)
16   | (668, 687)      | (557, 561)      | 168.25   | (-1.0, 0.0)
17   | (807, 692)      | (687, 718)      | 123.17   | (-1.0, -1.0)
18   | (655, 681)      | (649, 591)      | 90.70    | (-1.0, -1.0)
19   | (396, 667)      | (449, 643)      | 58.43    | (0.0, 0.0)
============================================================
平均中心点误差: 69.79 像素


[Image ID: 03660]
============================================================
Idx  | GT Center       | Pred Center     | Diff(px) | Size Diff(W,H)
------------------------------------------------------------
0    | (66, 735)       | (128, 664)      | 94.31    | (-1.0, -1.0)
1    | (128, 713)      | (173, 665)      | 65.80    | (0.0, 0.0)
2    | (213, 721)      | (267, 650)      | 89.30    | (-1.0, -1.0)
3    | (437, 678)      | (481, 574)      | 113.12   | (0.0, -1.0)
4    | (517, 689)      | (461, 586)      | 117.68   | (0.0, -1.0)
5    | (977, 744)      | (976, 743)      | 1.78     | (0.4, -0.3)
6    | (647, 677)      | (613, 648)      | 45.39    | (-1.0, -1.0)
7    | (115, 660)      | (184, 604)      | 88.87    | (0.0, 0.0)
8    | (186, 663)      | (188, 567)      | 96.01    | (-1.0, 0.0)
9    | (782, 672)      | (781, 549)      | 123.50   | (0.0, -1.0)
10   | (941, 720)      | (939, 725)      | 5.44     | (-4.8, -3.2)
11   | (770, 706)      | (837, 662)      | 79.74    | (-1.0, 0.0)
12   | (832, 715)      | (820, 676)      | 40.95    | (-1.0, -2.0)
13   | (681, 697)      | (644, 620)      | 85.20    | (-1.0, 0.0)
14   | (711, 694)      | (752, 596)      | 106.35   | (1.6, 3.9)
15   | (741, 694)      | (742, 625)      | 69.01    | (0.0, -1.0)
16   | (338, 715)      | (413, 569)      | 164.58   | (-1.0, -1.0)
17   | (251, 650)      | (342, 372)      | 292.73   | (2.9, 1.1)
18   | (292, 649)      | (287, 575)      | 74.20    | (-1.0, 0.0)
19   | (327, 651)      | (313, 607)      | 46.80    | (-1.0, -1.0)
20   | (363, 651)      | (668, 607)      | 308.39   | (5.2, 3.8)
21   | (393, 652)      | (644, 571)      | 264.07   | (0.0, 0.0)
============================================================
平均中心点误差: 107.87 像素


[Image ID: 03720]
============================================================
Idx  | GT Center       | Pred Center     | Diff(px) | Size Diff(W,H)
------------------------------------------------------------
0    | (296, 539)      | (290, 442)      | 97.68    | (0.0, -1.0)
1    | (418, 547)      | (422, 535)      | 13.12    | (0.0, -1.0)
2    | (655, 550)      | (697, 482)      | 79.92    | (0.0, 0.0)
3    | (679, 552)      | (707, 558)      | 28.04    | (-1.0, -1.0)
4    | (698, 552)      | (766, 549)      | 68.59    | (0.0, -1.0)
5    | (778, 615)      | (769, 606)      | 12.24    | (-5.4, -4.5)
6    | (912, 600)      | (789, 586)      | 123.40   | (-20.8, -15.9)
7    | (144, 534)      | (234, 471)      | 109.74   | (-1.0, -1.0)
8    | (187, 539)      | (315, 357)      | 222.50   | (0.0, 0.0)
9    | (716, 551)      | (696, 551)      | 19.50    | (0.0, 0.0)
10   | (959, 553)      | (749, 506)      | 215.20   | (0.0, 0.0)
11   | (968, 556)      | (933, 549)      | 36.18    | (-1.0, 0.0)
12   | (610, 541)      | (602, 536)      | 9.71     | (0.0, -1.0)
============================================================
平均中心点误差: 79.68 像素


[Image ID: 03780]
============================================================
Idx  | GT Center       | Pred Center     | Diff(px) | Size Diff(W,H)
------------------------------------------------------------
0    | (235, 373)      | (235, 367)      | 6.06     | (-1.2, -1.1)
1    | (357, 371)      | (351, 365)      | 7.52     | (4.8, 2.2)
2    | (536, 370)      | (529, 367)      | 7.28     | (-6.1, -4.6)
3    | (748, 383)      | (679, 367)      | 70.95    | (0.0, -1.0)
============================================================
平均中心点误差: 22.95 像素


[Image ID: 03840]
============================================================
Idx  | GT Center       | Pred Center     | Diff(px) | Size Diff(W,H)
------------------------------------------------------------
0    | (795, 546)      | (946, 528)      | 152.56   | (-10.2, -9.9)
1    | (932, 546)      | (688, 506)      | 247.05   | (28.8, 20.7)
2    | (287, 528)      | (279, 522)      | 9.59     | (1.0, 1.4)
3    | (321, 532)      | (309, 522)      | 15.11    | (1.3, 2.7)
4    | (276, 530)      | (269, 526)      | 7.54     | (-1.0, -3.8)
============================================================
平均中心点误差: 86.37 像素


[Image ID: 03900]
============================================================
Idx  | GT Center       | Pred Center     | Diff(px) | Size Diff(W,H)
------------------------------------------------------------
0    | (245, 520)      | (249, 464)      | 56.61    | (-1.0, -1.0)
1    | (697, 423)      | (576, 419)      | 121.58   | (-1.0, -1.0)
============================================================
平均中心点误差: 89.10 像素


[Image ID: 03960]
============================================================
Idx  | GT Center       | Pred Center     | Diff(px) | Size Diff(W,H)
------------------------------------------------------------
0    | (456, 398)      | (444, 394)      | 13.29    | (-1.0, -1.0)
1    | (719, 406)      | (504, 403)      | 215.03   | (0.0, -1.0)
============================================================
平均中心点误差: 114.16 像素


[Image ID: 04020]
============================================================
Idx  | GT Center       | Pred Center     | Diff(px) | Size Diff(W,H)
------------------------------------------------------------
0    | (126, 375)      | (171, 372)      | 44.60    | (-1.0, 0.0)
1    | (744, 363)      | (726, 296)      | 69.38    | (0.0, 0.0)
============================================================
平均中心点误差: 56.99 像素


[Image ID: 04080]
============================================================
Idx  | GT Center       | Pred Center     | Diff(px) | Size Diff(W,H)
------------------------------------------------------------
0    | (358, 458)      | (335, 445)      | 26.10    | (-30.0, -13.8)
1    | (568, 470)      | (585, 428)      | 44.85    | (0.0, -2.0)
2    | (908, 494)      | (764, 465)      | 146.89   | (0.0, 0.0)
============================================================
平均中心点误差: 72.61 像素


[Image ID: 04140]
============================================================
Idx  | GT Center       | Pred Center     | Diff(px) | Size Diff(W,H)
------------------------------------------------------------
0    | (293, 540)      | (288, 532)      | 8.69     | (-4.6, -2.6)
1    | (385, 542)      | (382, 533)      | 9.18     | (-2.0, -1.5)
2    | (438, 535)      | (429, 531)      | 8.89     | (-5.1, -6.3)
3    | (536, 541)      | (556, 497)      | 48.58    | (-1.0, -1.0)
4    | (843, 526)      | (731, 502)      | 114.65   | (0.0, -1.0)
5    | (976, 520)      | (808, 524)      | 168.04   | (0.0, -1.0)
============================================================
平均中心点误差: 59.67 像素

